256.000000 1569.600000 2048.000000 
512.000000 3519.100000 4608.000000 
1024.000000 7934.400000 10240.000000 
2048.000000 16676.800000 22528.000000 
4096.000000 36468.800000 49152.000000 
8192.000000 78756.800000 106496.000000 
16384.000000 164192.600000 229376.000000 
32768.000000 345190.300000 491520.000000 
65536.000000 746883.400000 1048576.000000 
131072.000000 1618613.100000 2228224.000000 
262144.000000 3350428.400000 4718592.000000 
524288.000000 7078061.400000 9961472.000000 
1048576.000000 14981610.200000 20971520.000000 
